version https://git-lfs.github.com/spec/v1
oid sha256:b7cb4a14ea90950ae12aef1d46f53f54bfca1fcdeef419e5ee73736ba37cd058
size 4073823
